#un exemplu
Bubblesort: 2.8174476623535156
Countsort: 6.574910402297974
Radixsort: 34.91731071472168
Mergesort: 9.799129962921143
Quicksort: 12.378705263137817
